tags
20059956
21238926
22729903
23085491
23118027
23195221
23219801
23254194
23639442
23677713
23750584
23934545
24142065
24442316
24464220
24477591
24632946
24632949
24768818
24914936
24971614
25182959
25203209
25279796
25284079
25307481
25546260
25550469
25693948
25698444
25732851
25818835
25882048
25983002
26017929
26102294
26411452
26450454
26462740
26470726
26561546
26615423
26782073
26782292
26783151
26820130
26831905
26890356
26900322
26919204
26950201
26963473
26991973
27075443
27075747
27087647
27093923
27099072
27103577
27110091
27111890
27134166
27167772
27183470
27184800
27239034
27288531
27292648
27295129
27378692
27384305
27460078
27466378
27473374
27502584
27509880
27516442
27521456
27542569
27630165
27643404
27649090
27663860
27677546
27679980
27696667
27707793
27729412
27733623
27737911
27748834
27756325
27779699
27798105
27807193
27825100
27840894
27860187
27860244
27860245
27863477
27863482
27866394
27903619
27914199
27943262
27959387
27993978
27999109
28049521
28068934
28068936
28082458
28098423
28101578
28112366
28112376
28115395
28138708
28148261
28148288
28151486
28178994
28182011
28202687
28204828
28228553
28230861
28259923
28259936
28259951
28259970
28259974
28260047
28260056
28260057
28260077
28260110
28270211
28292966
28294943
28298446
28300835
28320736
28324051
28333137
28334792
28339048
28346424
28347651
28348168
28350299
28359316
28363904
28368403
28368423
28369266
28369421
28375585
28376832
28393188
28393239
28393242
28393246
28398466
28403862
28403887
28406475
28411266
28414304
28416580
28428256
28428259
28436950
28468941
28481876
28481877
28498971
28534510
28576769
28581519
28584052
28604678
28628113
28650467
28652571
28660748
28684635
28687665
28701508
28777492
28801319
28814288
28842469
28851297
28859089
28882895
28883039
28961247
29040309
29040339
29045486
29049388
29059224
29065170
12461077
18248671
18310445
18593936
18783612
19046382
19201842
19306381
19414636
19427096
19672298
19672862
19825989
20011520
20105280
20105310
20203690
20454457
20554759
20626887
20807568
20821041
20926645
21172391
21391871
21431351
21479249
21607759
21637860
21789165
21810259
21928348
21949024
21951951
22022612
22027689
22144572
22303482
22622800
22971992
23022312
23028939
23056516
23069675
23110133
23220172
23241883
23460868
23474756
23630352
23752226
23775080
23791840
23860123
23966295
24036311
24058610
24223959
24321498
24387290
24402617
24623966
24643644
24694877
24705272
24743235
25086780
25128964
25211016
25277705
25315346
25412315
25445193
25711908
25761764
25826077
25882704
25884948
25885470
25946081
25946186
26062999
26449539
26449661
26476672
26499944
26620890
26640231
26655640
26847345
27014915
27084744
27102965
27177927
27220763
27274086
27385779
27391260
27626488
27689325
28036337
28084316
28087598
28186140
28224733
28296029
28395336
28747658
28759611
28855439
29054964
29470556
29956586
30001398
30107177
30114225
30372497
30377154
30462722
30478082
30915128
30991764
12805933
16573830
17223997
17355643
17397547
17612403
18187511
18309293
18489763
18507837
18627611
18673534
18719403
18949367
19114665
19430421
19438813
19463742
19481073
19536134
19686742
19710510
19778378
19789368
19811499
19892829
20100334
20161747
20507572
20561923
20644716
20813038
20856928
21075137
21106074
21124868
21152263
21668942
21731759
21906313
21931565
21955513
22208359
22369755
22711886
22808010
22859398
22876196
22925925
22964642
23285048
23359500
23474308
23640975
23651211
23762492
23936147
24004819
24142921
24204098
24396288
25026175
25082369
25218136
25263533
25305591
25348624
25575814
25589620
25605239
25622904
25639242
25710042
25840913
25874935
25979836
25998905
26025664
26027517
26065826
26086963
26131711
26270232
26348666
26466330
26466350
26516699
26545401
26556829
26587585
26684240
26743002
26811494
26845040
26934121
26969755
27050163
27172902
27230238
27464336
27470968
27542238
27640183
27930654
27974047
28237856
28242692
28255270
28359799
28387445
28408751
28430985
28472177
28472949
28512644
28518143
28846666
29136006
29845292
30442153
30562971
30594253
30730884
